0.000000 0.000000
0.020408 0.000000
0.040816 0.000000
0.061224 0.000000
0.081633 0.000000
0.102041 0.000000
0.122449 0.000002
0.142857 0.000020
0.163265 0.000170
0.183673 0.001310
0.204082 0.009043
0.224490 0.055230
0.244898 0.293702
0.265306 1.333039
0.285714 5.034931
0.306122 15.326376
0.326531 36.173553
0.346939 63.826447
0.367347 84.673624
0.387755 94.965069
0.408163 98.666961
0.428571 99.706297
0.448980 99.944767
0.469388 99.990937
0.489796 99.998520
0.510204 99.998520
0.530612 99.990937
0.551020 99.944767
0.571429 99.706297
0.591837 98.666961
0.612245 94.965069
0.632653 84.673624
0.653061 63.826447
0.673469 36.173553
0.693878 15.326376
0.714286 5.034931
0.734694 1.333039
0.755102 0.293702
0.775510 0.055230
0.795918 0.009043
0.816327 0.001310
0.836735 0.000170
0.857143 0.000020
0.877551 0.000002
0.897959 0.000000
0.918367 0.000000
0.938776 0.000000
0.959184 0.000000
0.979592 0.000000
1.000000 0.000000
