0.000000 0.000000
0.020408 0.000823
0.040816 0.002741
0.061224 0.008010
0.081633 0.022097
0.102041 0.057813
0.122449 0.143250
0.142857 0.335493
0.163265 0.741198
0.183673 1.541835
0.204082 3.014843
0.224490 5.533632
0.244898 9.524746
0.265306 15.368224
0.285714 23.253064
0.306122 33.036514
0.326531 44.180034
0.346939 55.818772
0.367347 66.960635
0.387755 76.738895
0.408163 84.609671
0.428571 90.417439
0.448980 94.323117
0.469388 96.649664
0.489796 97.716967
0.510204 97.716967
0.530612 96.649664
0.551020 94.323117
0.571429 90.417439
0.591837 84.609671
0.612245 76.738895
0.632653 66.960635
0.653061 55.818772
0.673469 44.180034
0.693878 33.036514
0.714286 23.253064
0.734694 15.368224
0.755102 9.524746
0.775510 5.533632
0.795918 3.014843
0.816327 1.541835
0.836735 0.741198
0.857143 0.335493
0.877551 0.143250
0.897959 0.057813
0.918367 0.022097
0.938776 0.008010
0.959184 0.002741
0.979592 0.000823
1.000000 0.000000
