x ftcs_error cn_error       0 0.000000e+00 0.000000e+00
0.020408 9.540760e-01 6.526500e-02
0.040816 1.986850e+00 1.560470e-01
0.061224 3.176020e+00 3.037770e-01
0.081633 4.596960e+00 5.517630e-01
0.102041 6.320860e+00 9.609560e-01
0.122449 8.412090e+00 1.614796e+00
0.142857 1.092490e+01 2.621787e+00
0.163265 1.389970e+01 4.113985e+00
0.183673 1.735880e+01 6.239550e+00
0.204082 2.130300e+01 9.148132e+00
 0.22449 2.570848e+01 1.296937e+01
0.244898 3.052467e+01 1.778656e+01
0.265306 3.566710e+01 2.360379e+01
0.285714 4.090661e+01 3.021390e+01
0.306122 4.458386e+01 3.590238e+01
0.326531 3.476427e+01 2.860578e+01
0.346939 2.542867e+01 2.873629e+01
0.367347 3.575206e+01 3.609004e+01
0.387755 3.308081e+01 3.053253e+01
0.408163 2.934710e+01 2.416233e+01
0.428571 2.620677e+01 1.875052e+01
 0.44898 2.388518e+01 1.458547e+01
0.469388 2.246240e+01 1.177049e+01
0.489796 2.198320e+01 1.035384e+01
0.510204 2.246240e+01 1.035384e+01
0.530612 2.388520e+01 1.177049e+01
 0.55102 2.620718e+01 1.458547e+01
0.571429 2.935577e+01 1.875052e+01
0.591837 3.322560e+01 2.416233e+01
0.612245 3.756961e+01 3.053253e+01
0.632653 4.071526e+01 3.609004e+01
0.653061 3.071927e+01 2.873629e+01
0.673469 2.929767e+01 2.860578e+01
0.693878 3.908966e+01 3.590238e+01
0.714286 3.552361e+01 3.021390e+01
0.734694 3.051840e+01 2.360379e+01
0.755102 2.571237e+01 1.778656e+01
 0.77551 2.131058e+01 1.296937e+01
0.795918 1.737190e+01 9.148132e+00
0.816327 1.392180e+01 6.239550e+00
0.836735 1.096160e+01 4.113985e+00
0.857143 8.471560e+00 2.621787e+00
0.877551 6.415130e+00 1.614796e+00
0.897959 4.743220e+00 9.609560e-01
0.918367 3.398100e+00 5.517630e-01
0.938776 2.316950e+00 3.037770e-01
0.959184 1.434370e+00 1.560470e-01
0.979592 6.841390e-01 6.526500e-02
       1 0.000000e+00 0.000000e+00
