0.000000 0.000000
0.020408 0.065265
0.040816 0.156047
0.061224 0.303777
0.081633 0.551763
0.102041 0.960956
0.122449 1.614796
0.142857 2.621787
0.163265 4.113985
0.183673 6.239550
0.204082 9.148133
0.224490 12.969384
0.244898 17.786989
0.265306 23.612887
0.285714 30.367786
0.306122 37.873924
0.326531 45.863912
0.346939 54.005585
0.367347 61.938416
0.387755 69.313580
0.408163 75.828572
0.428571 81.249050
0.448980 85.414516
0.469388 88.229506
0.489796 89.646159
0.510204 89.646159
0.530612 88.229506
0.551020 85.414516
0.571429 81.249050
0.591837 75.828572
0.612245 69.313580
0.632653 61.938416
0.653061 54.005585
0.673469 45.863912
0.693878 37.873924
0.714286 30.367786
0.734694 23.612887
0.755102 17.786989
0.775510 12.969384
0.795918 9.148133
0.816327 6.239550
0.836735 4.113985
0.857143 2.621787
0.877551 1.614796
0.897959 0.960956
0.918367 0.551763
0.938776 0.303777
0.959184 0.156047
0.979592 0.065265
1.000000 0.000000
