0.000000 0.000000
0.020408 0.000000
0.040816 0.000000
0.061224 0.000000
0.081633 0.000000
0.102041 0.000000
0.122449 0.000000
0.142857 0.000000
0.163265 0.000000
0.183673 0.000000
0.204082 0.000001
0.224490 0.000017
0.244898 0.000433
0.265306 0.009102
0.285714 0.153887
0.306122 1.971542
0.326531 17.258129
0.346939 82.741871
0.367347 98.028458
0.387755 99.846113
0.408163 99.990898
0.428571 99.999567
0.448980 99.999983
0.469388 99.999999
0.489796 100.000000
0.510204 100.000000
0.530612 99.999999
0.551020 99.999983
0.571429 99.999567
0.591837 99.990898
0.612245 99.846113
0.632653 98.028458
0.653061 82.741871
0.673469 17.258129
0.693878 1.971542
0.714286 0.153887
0.734694 0.009102
0.755102 0.000433
0.775510 0.000017
0.795918 0.000001
0.816327 0.000000
0.836735 0.000000
0.857143 0.000000
0.877551 0.000000
0.897959 0.000000
0.918367 0.000000
0.938776 0.000000
0.959184 0.000000
0.979592 0.000000
1.000000 0.000000
